1.81737
1.60615
1.50372
1.45878
1.65836
2.02047
1.69436
1.55536
1.49505
1.46561
1.46991
1.29153
1.18561
1.14429
1.12227
1.01025
0.861763
0.797775
0.764187
0.748946
1.11299
0.882515
0.805494
0.771031
0.752427
2.1728
1.91795
1.8003
1.74713
1.72085
2.02128
1.69702
1.56001
1.49625
1.46437
1.47441
1.28794
1.18781
1.14445
1.12157
1.01217
0.863455
0.798781
0.764811
0.749188
1.11384
0.899401
0.803151
0.770988
0.752159
2.18373
1.91951
1.76542
1.74721
1.7187
2.02141
1.69642
1.56104
1.49575
1.46605
1.47474
1.28972
1.18546
1.14404
1.12269
1.01077
0.865462
0.797412
0.765134
0.749428
1.09825
0.896955
0.80381
0.768819
0.752236
