3.51286
3.6107
3.64329
3.66513
3.89078
7.09111
7.45384
7.57313
7.60046
7.60338
11.0815
12.0487
12.4242
12.506
12.5094
14.8372
16.8777
17.5797
17.7542
17.787
8.19815
8.70361
8.88247
8.93394
8.94804
7.91593
7.52401
7.17726
7.01696
6.91197
13.8495
13.608
12.7931
12.1887
11.8623
17.1023
18.8146
18.9441
18.4269
18.0621
14.881
16.8755
17.5514
17.7395
17.7828
8.22903
8.6961
8.88104
7.82655
7.90624
7.80283
7.43312
7.08919
6.9278
6.82349
14.0304
13.5805
12.7908
12.1871
11.8625
17.2372
18.444
18.9185
18.4238
18.0618
14.8641
16.9016
17.5441
17.7425
17.7866
8.18995
8.70621
8.88616
8.93443
8.94462
