2.47017
2.55352
2.57846
2.59349
2.65463
6.00972
6.44801
6.59146
6.62311
6.63011
9.56032
10.7015
11.0836
11.1938
11.2194
12.5452
14.3397
15.0237
15.1974
15.2411
7.07962
7.45978
7.15214
7.20014
7.2181
6.55819
7.1061
7.40055
7.43273
7.40047
14.2904
17.1527
18.188
18.4298
18.4796
15.7123
19.0359
20.2514
20.5459
20.6237
14.0004
15.733
16.6319
16.8683
16.9291
7.79355
8.13253
8.42067
8.47319
8.49535
7.76769
8.53306
8.84561
8.90626
8.91816
14.4512
17.2056
18.2282
18.4307
18.473
15.9068
19.0429
20.226
20.5428
20.6266
13.9201
15.8558
16.6222
16.872
16.9292
7.79912
8.04592
8.39129
8.47401
8.52024
