11.6405
8.26379
6.78409
6.50785
7.01517
24.5453
25.4336
17.5256
15.1648
14.3277
30.696
31.7596
27.1041
22.0807
20.1663
32.8337
44.8954
48.2592
44.9941
41.0647
23.498
29.9593
32.5685
33.3851
33.631
11.8596
8.93044
7.72642
7.23195
7.01421
24.6469
24.921
17.5992
15.1824
14.3265
30.3548
31.5494
27.2953
22.0918
20.1685
32.5402
44.9492
48.4734
44.9468
41.0977
23.4644
29.9593
32.607
33.4493
33.625
12.7925
8.928
7.71108
7.22814
7.01453
24.2098
25.0856
17.5712
15.1538
14.3263
30.8986
32.2837
27.0824
22.0444
20.1698
32.5726
44.957
48.1772
44.8848
41.055
23.5318
29.9764
32.5807
33.4279
33.6458
