3.50142
2.30038
1.96762
1.76496
1.80581
3.92337
2.57978
2.1774
1.95674
1.83596
3.20172
2.01012
1.69266
1.42553
1.29403
3.47782
2.219
1.66832
1.38846
1.27654
3.63644
2.25442
1.7493
1.35843
1.27092
3.87443
2.51969
2.11863
1.92245
1.81004
3.95248
2.55583
2.19485
1.94169
1.84043
3.25031
1.98019
1.71304
1.41249
1.29371
3.52287
2.20952
1.66555
1.39035
1.27615
3.48893
2.30163
1.75082
1.3539
1.27204
4.02382
2.50441
2.13165
1.92039
1.80904
3.947
2.59202
2.16747
1.96132
1.8376
3.55826
2.05111
1.66919
1.41883
1.294
3.36427
2.22586
1.65542
1.38795
1.27743
3.62057
2.31086
1.74783
1.35676
1.27153
