27.5361
41.1658
43.3888
44.8752
33.9483
34.529
58.8559
70.3884
65.1128
65.432
34.2225
53.3681
62.7664
66.0084
66.9466
31.86
45.6299
53.4851
56.0421
56.885
23.5741
29.5407
31.7914
32.7624
33.0415
28.4321
40.8897
47.6063
49.4804
33.9673
34.2582
58.1122
70.3648
65.3074
65.5217
33.267
53.0227
62.7289
66.0042
66.9535
31.8755
46.2988
53.5562
56.2299
56.8983
22.811
29.179
31.7471
32.7406
33.0561
28.8832
42.806
47.5523
49.4862
33.9397
34.7119
58.975
70.4262
65.342
65.5834
33.2839
47.6972
62.7589
66.0011
66.9431
31.86
45.6936
53.5698
56.2013
56.9066
23.0112
29.5307
31.7837
32.7683
33.0262
