1.4966
1.68604
1.82195
1.8606
2.07466
2.69263
2.92591
3.21295
3.28386
3.30755
4.4362
4.84313
5.35953
5.5292
5.57622
6.14151
7.09571
7.83373
8.1973
8.25893
7.90734
9.58304
10.5738
11.009
10.7222
1.63988
1.86009
2.04989
2.13942
2.0749
2.70676
2.92771
3.21284
3.28407
3.3078
4.39898
4.84653
5.36101
5.52957
5.57564
6.10262
7.11015
7.83309
8.19866
8.25848
7.85427
9.57499
10.5726
11.0028
10.7208
1.63787
1.85823
2.05038
2.13927
2.07482
2.69341
2.92262
3.21246
3.28388
3.30798
4.42094
4.84045
5.36079
5.52967
5.57577
6.11572
7.0984
7.83256
8.19778
8.25935
7.88925
9.57044
10.5769
11.0138
10.7201
