26.1204
30.8368
32.3854
32.8506
32.6545
36.6532
47.6279
43.1158
44.2283
46.2473
25.7813
30.9461
31.8716
32.4481
32.6243
22.7161
25.7281
22.5171
22.7837
22.8403
19.7934
22.5423
23.5402
23.991
26.9683
37.5995
43.4157
35.4788
34.2566
33.3347
37.3212
47.0298
42.7903
44.2213
44.5596
25.2159
29.7857
31.7876
32.3955
36.5043
22.7872
25.575
22.5181
22.764
22.8302
21.3751
24.6654
23.6763
23.9886
24.0721
32.0156
36.2829
35.6295
34.2627
38.6297
36.49
45.5348
42.6892
44.2685
44.5556
29.4412
35.3627
31.8784
32.4333
32.5606
22.4285
25.8448
22.5355
22.7721
22.8442
19.7755
22.552
23.599
24.0064
27.4772
