1.56564
1.6768
1.74767
1.80105
1.97593
2.96892
3.40845
2.92889
3.02831
3.40651
3.92196
5.05738
4.54397
4.71556
5.5561
7.50011
7.70264
7.2424
7.52061
7.58004
8.72534
10.4967
9.48783
9.86493
9.74366
2.67898
3.42488
3.31965
3.51083
3.7526
4.1379
5.9909
5.54427
5.87666
7.20904
6.69076
8.34641
8.86273
9.1418
9.55891
10.3877
12.12
13.9928
14.7174
17.8673
13.0264
14.8054
17.9274
18.9245
20.7152
3.03393
3.43579
3.3475
3.51125
4.22776
4.73629
5.91694
5.6342
5.90829
6.50387
6.96451
9.05225
8.65176
9.19937
9.37725
10.2737
13.3808
13.5976
14.593
15.0364
11.3247
17.137
18.0789
19.3522
19.2178
