18.1389
21.5579
22.982
23.8834
23.8649
26.5758
32.5807
29.5915
30.2362
30.3874
24.381
29.0496
25.6865
26.1412
26.2459
16.4168
18.4973
19.5981
19.8491
19.9209
21.4802
24.2906
21.2874
21.6295
21.7084
20.0232
23.9685
24.8254
25.363
29.2094
26.2144
33.0073
29.4147
30.1006
30.2647
23.702
28.659
25.5994
26.0992
26.2196
19.4066
22.1987
19.59
19.8438
19.9091
21.2641
24.1452
21.3039
21.6079
21.704
23.215
27.5622
24.7761
25.3696
25.4863
26.4045
32.8584
29.656
30.2153
30.3951
24.3267
29.1498
25.6909
26.13
26.2358
19.3493
22.3825
19.5981
19.8583
19.9182
18.2857
20.4273
21.2357
21.629
22.67
