10.9208
9.84763
8.92618
8.53919
8.3354
7.93798
7.60212
5.94771
5.79741
6.50106
4.06274
3.79199
2.96217
2.89176
2.93868
2.48271
2.05539
1.5371
1.46826
1.75292
2.7062
2.23783
1.57585
1.48429
1.67246
12.9929
11.8725
8.93028
8.53564
8.33914
7.94279
7.59882
5.95559
5.79201
5.71273
4.07132
3.80548
2.95765
2.88962
3.2483
2.46747
2.06031
1.53449
1.53918
1.75263
2.71618
2.22465
1.57728
1.48453
1.75743
12.9826
11.8083
8.93371
8.53811
9.34602
7.6749
7.29678
5.95362
5.79639
6.40376
4.06349
3.78542
2.96329
2.88751
3.2486
2.49414
2.06556
1.53531
1.54141
1.75241
2.71416
2.23465
1.5755
1.4878
1.75585
